[INTRINSICS]
width = 640
height = 480
fx = 591.1
fy = 590.1
cx = 331.0
cy = 234.0
scale = 5000