[INTRINSICS]
width = 640
height = 480
fx = 481
fy = -480
cx = 319.5
cy = 239.5
scale = 5000